425
107
327
347
262
254
255
7
212
199
224
338
83
35
122
108
436
360
13
101
49
153
157
405
251
179
105
47
328
237
377
169
178
228
240
319
424
77
149
374
182
189
213
11
216
29
222
200
297
271
258
64
65
48
68
335
28
21
239
304
46
283
139
401
227
214
140
161
14
351
229
193
202
78
191
16
98
389
260
160
45
195
63
274
394
128
10
96
233
159
264
399
67
38
187
418
270
337
289
386
91
234
385
235
5
142
151
316
43
356
281
131
110
241
113
56
375
402
372
247
86
307
116
230
301
12
231
391
415
196
6
50
33
90
54
84
180
97
397
273
256
291
192