277
425
107
327
347
262
370
263
254
255
7
212
199
224
338
83
35
122
108
436
360
13
101
49
153
157
405
251
179
105
259
47
328
237
377
169
178
250
228
240
319
424
77
149
18
374
182
201
310
189
213
11
216
29
222
200
297
271
258
64
65
287
373
48
68
194
335
28
21
239
304
46
283
139
401
227
236
214
140
161
14
79
351
229
193
345
202
78
191
16
98
389
260
2
160
267
45
195
63
274
394
257
128
10
96
233
159
264
399
67
38
187
418
115
190
270
125
337
289
386
266
91
234
385
235
5
417
142
151
316
43
123
356
281
131
110
290
241
113
56
375
402
372
102
247
86
307
368
116
230
301
336
12
232
231
391
415
278
196
6
50
33
90
346
54
84
180
97
198
397
273
256
291
192